1848583658491289
421109962554832
117406962265374
1701516356728532
1802564963310377
everythingbangladesh.official
441738136858290
wabfighters
2530516728
552226385398218
wholesaleandretailmarketbd
349412262742331
1040497382748526
bangladesheditorscommunityofficial
2369246103226020
1441310499525285
brhelpline
4038937902879291
footballmatchlive
951546748268235
312703300037317
657742579387737
purebangladesh
645648199423817
410320127432139
384722731919860
1355653334911584
683535332927379
186479101979293
781055139514819
2457447181217027
DailyBangladeshGroup
BANGLADESH.MOTHERLAND
576786527619161
rasel.hossen
Cyber71
1065621407421114
Bangladesh527116
shobarbangladesh
bnp24news
354339145601130
447723136298368
461972920605500
Oppekkha
1461242884383951
685099389366971
375898930686355
1197641546919309
347229619926312
543990413321270
271802828417965
1407073456384671
529581964687314
817126172751938
830006587617373
781464653007599
3173623026231480
bangladeshigardenersclub
135649210429137
HackerMasterBangladesh
2204381587
541686966390042
bangladeshieuropeamericanbridegroomprivate
416434319002681
2552638798288379
661810761845581
547994945904295
bdgcub
438305501598324
684291699673365
521514136636044
422403259107183
534253335228653
631540471478765
420429883068766
boc.group.public
523166402242005
deshiflix
230821181983475
culturalclassicists.official
326861285024871
cyber.helpline.bangladesh
528667434583380
785165619076300
210341114323467
452657918480578
374471570140582
1435246990325411
googlepixelbd
launchloverbangladesh
234277123672781
453399453147595
434300175528925
861817098198953
945199189484537
1053079642148287
2057292534411637
585517353015326
350992549221266
bangladesh14247
800422710820634
563565794941397
hamarpirgachha
557328997757992
819169532777176
125647458068515
1593777664115798
884379765624696
495873618657212
929586717958917
436816215183522
471286810632663
276836857080295
busloverfan
realmeBDcommunity
861677861132325
539609416713470
sreepurlifeline
989035681688017
1165424594271447
pubgdorshon
1921125111553129
mostafijur.mklc
1449182932182863
BDMKB
1619818568208087
YOBangladesh
1076278896533247
1355541964654930
782977652784272
395621385763792
266264361082422
695679274436095
dataanalystofbd
1518110815029123
1121607711545579
1239782483445617
753560715045114
917252492775446
1321224018256358
281207857493049
249210176518219
missbangladeshmeghna
1084141391768934
358604509567769
844640846344283
1750153895220469
666366474303704
1005332686226554
1087697645443225
160884411882637
402484471401070
2181183002056628
onetakameal
blockchaincommunitybangladesh
1469104559897064
870293089657388
846549096448825
bangladeshcryptocommunitybcc
rumorscannercommunity
830056590729789
freeexambatch
osb20tk
547893250626897
dons.team.bd.offical
carvaultbd
2272087756289712
1117770865482549
150747970219756
215632105451009
marketplacebangldesh
638201698308138
2254873174673850
2578307225765588
1925665524430261
748635152946920
391213668575224
bholadistrictcitizensociety
810164546824070
188989861653064
1117395862517494
2293284594075265
380195532399631
682261546141948
270101041222010
389920676530676
5162812607126185
1541305202977109
437720366664647
UFCBD
101907750286547
2190811047656941
2545129132404648
3293083530756076
midjourneybdcommunity
NRSBD
goodfel
5807460632632768
3074160562903882
1092531131214492
1525265151098859
193922775786820
731496180937958
mfcbofficial
royalexpress21
884418019205722
5431845230182875
bangladesh.civilian.force.2
3030170153750482
2623277877962140
btda.org
1554118544895193
streamersbattle
durbarshop
1770315883321730
205093824867092
518543513612090
352594932440472
2765182847105231
3984509965110402
banglacyber
bdSkateboardersComunnity
jashorerailwayhelpline
431370975731178
filmsociety2023
460056408538246
1405097833115015
829443200960113
jewelryloversofbangladesh
1305581186299838
XmmaBD
1252766325127271
5980862341988672
VapersHubBangladesh
bangladeshicommunityy
thappordimuofficial
132435072064876
195461815299303
phonecoverbangladesh
1243109779534182
693200572297212
207152284449965
942096236565379
naturebd360degree
rail.premi
723958492043223
2983701085181824
3301840323429219
278141350080797
canvaprobuysell
upazilaecenter
BDAviationHub
487551336269606
477438167295207
arenaofvalorbdofficial
sahazatri
bdcybersec
1321666165247712
2789982561266442
243588764199774
4146593872019818
598954874389060
516223779115924
3838010722995280
1229334317081884
552100265914737
297819781585180
475348396955434
307483777059094
mybjnmcollection
212924934300268
2895072010535816
1613130885679315
4854503411332315
386808775720441
BDC1st
1747663272237799
325905612209983
486897166392421
teacenter
1812508612416486
284955416357411
1222077575260502
2856846434598690
padmaonlineftp
dynamic.zone.bd
bluemount.com.bd
bdkalilinuxfansclub
banglalinkusercommunity
jubiplayscom
1351933348642813
1093512984774335
308663953955605
688972595223115
banglanatokfanclubbd
bhurungamarifoodbuzz
biplob.learn.hindi.grp
2743841089220258
373081301167360
794780827947232
1839629583070511
907352789898290
1748680028762916
1058274418223601
298086613656944
189995979487981
bangladeshiibeauty
241771683152756
bangladeshi.pokemon.battlers
superherofans.bd
banglaartist
682764018930475
399375260621161
443067256824653
1273748376420506
471050247548158
bangladesh.canada.usa.matrimony
2699433076944597
602800507832815
4576139342503336
kworkcommunitybangladesh
1637686923387502
1540387796034990
5749515971806881
bholahatupazilahelpline
824037211908861
463541012507659
swapnobazbd
bangladesh.cyber.battalion.bcb
1174301476759673
oneplus3bd
BaburDukan
518381449504059
814146339458286
1293525687860170
620334159373317
bdcommunityuk
banglar.rail
gopmediacell
107494503279208
2914094145498103
azimpurandlalbagh
936776943943267
1257467261784054
wrestlinguv
1508580342842664
149600092362519
stationary.jkkniu
667128530015037
www.panjabihouse
banglavibescommunity
871757120846546
2568924953368434
640075556531634
189344281591237
543276076568306
463763992359554
miniups
bpdo.official
666270710521091
592372945233788
4825533730877463
ourban
1210856906135914
1123776305199062
banglamediumm
banglaspiegel
899988704745666
320582056387630
BeardClubBangladesh
453772326700916
573487938007567
1690276221251524
laksam.railway.junction
1489842071169711
1318729605537839
1956789387792483
linebetdewanabrar
697951217368557
bdchitro
945303656100299
456590449979301
5579478002109904
euphorbia.milii.buy.sell.exchange.group
518538439494132
185123892146347
142072559707411
718310879118207
317244137130955
kabirebd
368669597710504
sonatonidatingplatform5
696843834417143
587108023265998
771671490020362
bangladeshcontentcommunity
truckbusbd
158737511132399
731298991943791
br.bangla
1128436171187546
upliftbangladeshfamily
116812440317246
bandaronlinemarket
1005220253746281
743831549060126
760385735086005
392453434622145
1229990680804793
perfumeloversofbd
2609754999354158
2632483663732665
268501931171685
493922442118272
1860696604285250
557368162254995
valorantofficialbd
855316072310236
treeloverscommunity.tlc
793973458703763
4369920859741200
227850646146857
5640268512754672
413046119762483
abeautifulbangladesh
1957998637687535
1451300748587073
272041204676609
bdcommunityinuae
140630989991771
2834757726777635
932412357493692
1072555062942192
msbcgroup
695760695593729
942750986714511
107722849947073
406882877145887
bdbuslover
1007153086823464
903344534004967
177638442819989
visitinbdplace
paubd
1290496691419080
746810326582068
atcofficialBSE
2447470925388536
1951501634933526
2932823570361971
489984452965759
276522316971250
2905764243026586
kansat.helpline
1305920696892937
3012130462413415
3388473971478246
marvelbuzz
1417958602418300
954430968446007
dahkvti
1270899447024586
1279840249234534
237701161170445
360889105434718
5621629294517723
bacosplayer
707365633635663
1072794010779987
760565808362084
739435734056187
minoxidilbeardbd
130593907492899
bloggerhelpbangladesh
916684459321181
2140937816148262
814157419960834
2314159348813167
255627019567879
bdweddingplanners
296109231506452
455545055793914
1732872737054102
210794491123470
1073748546044847
586934469090098
1855984351267048
506104381631320
190863008052521
169746270256700
544303873398564
125301866182398
533250994907699
funnydba
860065734966458
1043244616207272
189189749354197
2507414582874337
830048914568714
bdnatokcom
Thelegendgroup.official
199731225511282
165646247999036
338599851404897
819014035772496
mensworldfanclub
194778301035413
141254344572046
internetminutecombopacksellbd
3048589638724819
140999960001108
682515779254416
bdh2os
691882928713551
positivebd62
202233521016364
147254902354378
naturalbeautyoflangadu
6012379825455840
169541223607931
530108305451685
bangladabbingofturkeyseries
120475368390966
183417077271820
1007571119745119
151417821938757
636694314247293
146343667342263
